{
  "advancedEditorSelectedIdentifier" : "ProjectBrowser",
  "openSceneRelativePaths" : [
    "Coins.usda"
  ],
  "recentIdentifiers" : {
    "52B95B27-63BF-45BB-A81E-74BFEC6CEBE6" : [

    ],
    "122B1D00-3883-46E7-B6C6-51C8E6B299C8" : [

    ],
    "AF09ED6F-1707-48FD-8720-65B998362C09" : [

    ],
    "D66134B1-3681-4A8E-AFE5-29F257229F3B" : [

    ]
  },
  "sceneCameraHistory" : {
    "52B95B27-63BF-45BB-A81E-74BFEC6CEBE6" : [
      {
        "date" : 709345126.49657094,
        "title" : "Untitled",
        "transform" : [
          0.99999994039535522,
          0,
          0,
          0,
          0,
          0.86195313930511475,
          -0.50698786973953247,
          0,
          0,
          0.50698786973953247,
          0.86195313930511475,
          0,
          -0.17688477039337158,
          1.7928963899612427,
          2.4856998920440674,
          1
        ]
      },
      {
        "date" : 709345028.25041294,
        "title" : "Untitled",
        "transform" : [
          0.99999994039535522,
          0,
          0,
          0,
          0,
          0.86195313930511475,
          -0.50698786973953247,
          0,
          0,
          0.50698786973953247,
          0.86195313930511475,
          0,
          -0.012783169746398926,
          2.1719446182250977,
          2.2627489566802979,
          1
        ]
      },
      {
        "date" : 709344993.86029196,
        "title" : "Untitled",
        "transform" : [
          0.99999994039535522,
          0,
          0,
          0,
          0,
          0.86195313930511475,
          -0.50698786973953247,
          0,
          0,
          0.50698786973953247,
          0.86195313930511475,
          0,
          -0.013808369636535645,
          1.3742648363113403,
          2.7319316864013672,
          1
        ]
      },
      {
        "date" : 709344964.41016304,
        "title" : "Untitled",
        "transform" : [
          0.99999994039535522,
          0,
          0,
          0,
          0,
          0.86195313930511475,
          -0.50698786973953247,
          0,
          0,
          0.50698786973953247,
          0.86195313930511475,
          0,
          0,
          1.3623639345169067,
          2.7389316558837891,
          1
        ]
      }
    ],
    "122B1D00-3883-46E7-B6C6-51C8E6B299C8" : [
      {
        "date" : 709345315.32005203,
        "title" : "Untitled",
        "transform" : [
          0.99999994039535522,
          0,
          0,
          0,
          0,
          0.86585319042205811,
          -0.50029796361923218,
          0,
          0,
          0.50029796361923218,
          0.86585319042205811,
          0,
          0,
          4.7111687660217285,
          6.0367960929870605,
          1
        ]
      }
    ],
    "6377C8F0-92F6-4150-A8F9-66EE24DFB8B0" : [
      {
        "date" : 709395948.87631702,
        "title" : "Untitled",
        "transform" : [
          0.99999994039535522,
          0,
          0,
          0,
          0,
          0.86236321926116943,
          -0.50628995895385742,
          0,
          0,
          0.50628995895385742,
          0.86236321926116943,
          0,
          0,
          0.49724382162094116,
          0.75299865007400513,
          1
        ]
      }
    ],
    "AF09ED6F-1707-48FD-8720-65B998362C09" : [
      {
        "date" : 709340185.94013703,
        "title" : "Untitled",
        "transform" : [
          0.99999994039535522,
          0,
          0,
          0,
          0,
          0.70710676908493042,
          -0.70710670948028564,
          0,
          0,
          0.70710670948028564,
          0.70710676908493042,
          0,
          0.016142129898071289,
          2.2804992198944092,
          1.3770809173583984,
          1
        ]
      },
      {
        "date" : 709336545.16304696,
        "title" : "Untitled",
        "transform" : [
          0.99999994039535522,
          0,
          0,
          0,
          0,
          0.70710676908493042,
          -0.70710670948028564,
          0,
          0,
          0.70710670948028564,
          0.70710676908493042,
          0,
          -0.079285621643066406,
          2.0664303302764893,
          1.5911494493484497,
          1
        ]
      },
      {
        "date" : 709336462.84002602,
        "title" : "Untitled",
        "transform" : [
          0.99999994039535522,
          0,
          0,
          0,
          0,
          0.70710676908493042,
          -0.70710670948028564,
          0,
          0,
          0.70710670948028564,
          0.70710676908493042,
          0,
          -0.01676332950592041,
          1.9733552932739258,
          1.6842242479324341,
          1
        ]
      },
      {
        "date" : 709336460.70410597,
        "title" : "Untitled",
        "transform" : [
          0.99999994039535522,
          0,
          0,
          0,
          0,
          0.70710676908493042,
          -0.70710670948028564,
          0,
          0,
          0.70710670948028564,
          0.70710676908493042,
          0,
          -0.0098717808723449707,
          1.9148831367492676,
          1.7426971197128296,
          1
        ]
      },
      {
        "date" : 709334870.27250695,
        "title" : "Untitled",
        "transform" : [
          0.99208527803421021,
          0,
          -0.12556493282318115,
          0,
          -0.061693333089351654,
          0.87097573280334473,
          -0.48743724822998047,
          0,
          0.10936400294303894,
          0.49132585525512695,
          0.86408227682113647,
          0,
          0.80865871906280518,
          3.495133638381958,
          3.0753142833709717,
          1
        ]
      },
      {
        "date" : 709334865.81559205,
        "title" : "Untitled",
        "transform" : [
          0.98444896936416626,
          0,
          -0.17566972970962524,
          0,
          -0.051761172711849213,
          0.95560508966445923,
          -0.29006826877593994,
          0,
          0.1678709089756012,
          0.29465022683143616,
          0.94074457883834839,
          0,
          1.0895119905471802,
          2.7155179977416992,
          3.70027756690979,
          1
        ]
      },
      {
        "date" : 709334827.45058298,
        "title" : "Untitled",
        "transform" : [
          0.99878442287445068,
          0,
          0.049289919435977936,
          0,
          0.015486555173993111,
          0.94935888051986694,
          -0.31381171941757202,
          0,
          -0.046793807297945023,
          0.31419351696968079,
          0.94820493459701538,
          0,
          0.16192159056663513,
          2.8002603054046631,
          3.7832410335540771,
          1
        ]
      },
      {
        "date" : 709334807.93811095,
        "title" : "Untitled",
        "transform" : [
          0.99681997299194336,
          0,
          -0.079684421420097351,
          0,
          -0.028425004333257675,
          0.9342113733291626,
          -0.35558509826660156,
          0,
          0.074442125856876373,
          0.35671937465667725,
          0.93124079704284668,
          0,
          0.63378632068634033,
          2.9663932323455811,
          3.601466178894043,
          1
        ]
      },
      {
        "date" : 709334599.81373703,
        "title" : "Untitled",
        "transform" : [
          0.97962123155593872,
          0,
          -0.20085287094116211,
          0,
          0.0810198113322258,
          0.91503280401229858,
          0.39515864849090576,
          0,
          0.18378704786300659,
          -0.40337896347045898,
          0.8963857889175415,
          0,
          1.2766134738922119,
          -0.4512675404548645,
          4.5098061561584473,
          1
        ]
      },
      {
        "date" : 709314698.59173203,
        "title" : "Untitled",
        "transform" : [
          0.9965662956237793,
          0,
          -0.082797355949878693,
          0,
          -0.070729382336139679,
          0.51986801624298096,
          -0.85131341218948364,
          0,
          0.043043717741966248,
          0.85424649715423584,
          0.51808303594589233,
          0,
          0.43139040470123291,
          4.5747981071472168,
          1.0280393362045288,
          1
        ]
      }
    ],
    "D66134B1-3681-4A8E-AFE5-29F257229F3B" : [
      {
        "date" : 709322125.02078903,
        "title" : "Untitled",
        "transform" : [
          0.99991351366043091,
          2.202432369813323e-08,
          0.013149634934961796,
          0,
          0.00023875986516941339,
          0.99983507394790649,
          -0.018157253041863441,
          0,
          -0.013147466816008091,
          0.018158823251724243,
          0.99974864721298218,
          0,
          -0.0070197694003582001,
          0.10963123291730881,
          1.5263091325759888,
          1
        ]
      },
      {
        "date" : 709248411.14344299,
        "title" : "Untitled",
        "transform" : [
          0.99991339445114136,
          2.2817403078079224e-08,
          0.013149634003639221,
          0,
          0.00023876062186900526,
          0.99983507394790649,
          -0.018157243728637695,
          0,
          -0.013147459365427494,
          0.018158826977014542,
          0.99974864721298218,
          0,
          -0.042027935385704041,
          0.11655689775943756,
          0.45764756202697754,
          1
        ]
      },
      {
        "date" : 709248406.04478395,
        "title" : "Untitled",
        "transform" : [
          0.99650311470031738,
          2.2817403078079224e-08,
          -0.083554722368717194,
          0,
          -0.0056693167425692081,
          0.9976954460144043,
          -0.067614026367664337,
          0,
          0.083362169563770294,
          0.067851297557353973,
          0.99420666694641113,
          0,
          0.002202894538640976,
          0.1393301784992218,
          0.45516368746757507,
          1
        ]
      },
      {
        "date" : 709248282.98214102,
        "title" : "Untitled",
        "transform" : [
          0.99965327978134155,
          2.2177118808031082e-08,
          0.026329545304179192,
          0,
          0.00020778743783012033,
          0.99996882677078247,
          -0.0078898575156927109,
          0,
          -0.026328718289732933,
          0.0078925956040620804,
          0.99962204694747925,
          0,
          -0.048055365681648254,
          0.11186078190803528,
          0.45748308300971985,
          1
        ]
      },
      {
        "date" : 709248259.07988596,
        "title" : "Untitled",
        "transform" : [
          0.99719077348709106,
          2.223532646894455e-08,
          -0.074903026223182678,
          0,
          0.0011804640525951982,
          0.99987578392028809,
          0.015715906396508217,
          0,
          0.074893742799758911,
          -0.015760177746415138,
          0.99706697463989258,
          0,
          -0.0011437495704740286,
          0.10093411058187485,
          0.46250030398368835,
          1
        ]
      },
      {
        "date" : 709248256.72956502,
        "title" : "Untitled",
        "transform" : [
          0.99719077348709106,
          2.2409949451684952e-08,
          -0.074903026223182678,
          0,
          0.002515086205676198,
          0.99943602085113525,
          0.033483855426311493,
          0,
          0.074860803782939911,
          -0.033578179776668549,
          0.9966285228729248,
          0,
          -0.0010145164560526609,
          0.092662878334522247,
          0.46422082185745239,
          1
        ]
      },
      {
        "date" : 709248254.66198599,
        "title" : "Untitled",
        "transform" : [
          0.99581879377365112,
          2.2351741790771484e-08,
          -0.091350235044956207,
          0,
          -0.0073090055957436562,
          0.99679392576217651,
          -0.079676032066345215,
          0,
          0.09105740487575531,
          0.080010578036308289,
          0.99262624979019165,
          0,
          0.0054469648748636246,
          0.14480218291282654,
          0.45071896910667419,
          1
        ]
      },
      {
        "date" : 709248252.06249905,
        "title" : "Untitled",
        "transform" : [
          0.9995836615562439,
          2.2409949451684952e-08,
          -0.028851179406046867,
          0,
          0.0011465225834399462,
          0.99921000003814697,
          0.039723370224237442,
          0,
          0.028828412294387817,
          -0.039739914238452911,
          0.9987940788269043,
          0,
          -0.022494291886687279,
          0.089794561266899109,
          0.46423879265785217,
          1
        ]
      },
      {
        "date" : 709248246.76098502,
        "title" : "Untitled",
        "transform" : [
          0.99856191873550415,
          2.2351741790771484e-08,
          -0.053610507398843765,
          0,
          0.003793046809732914,
          0.99749386310577393,
          0.070650562644004822,
          0,
          0.053476180881261826,
          -0.070752330124378204,
          0.99605947732925415,
          0,
          -0.010795303620398045,
          0.075295515358448029,
          0.46721437573432922,
          1
        ]
      },
      {
        "date" : 709248232.194098,
        "title" : "Untitled",
        "transform" : [
          0.99856191873550415,
          2.2817403078079224e-08,
          -0.053609997034072876,
          0,
          -0.0045273839496076107,
          0.99642771482467651,
          -0.084328539669513702,
          0,
          0.053418513387441635,
          0.08444996178150177,
          0.99499475955963135,
          0,
          -0.025928918272256851,
          0.17490889132022858,
          0.44832885265350342,
          1
        ]
      }
    ],
    "F7BFA2C4-6324-4DB0-935C-3D95FE997F25" : [
      {
        "date" : 709394245.681265,
        "title" : "Untitled",
        "transform" : [
          0.99999994039535522,
          0,
          0,
          0,
          0,
          0.89262348413467407,
          -0.45080283284187317,
          0,
          0,
          0.45080283284187317,
          0.89262348413467407,
          0,
          -1.4901153200241879e-08,
          1.1970165967941284,
          1.8824331760406494,
          1
        ]
      }
    ]
  }
}